0.01833696
0.01833696
0.01833696
0.1903109
0.1903109
0.1455976
0.1903109
0.1455976
0.1455976
0.2613708
0.2732366
0.02538266
0.005538336
0.2560234
0.6495862
6.333455
0.02612532
0.00576719
0.6481343
5.138825
0.02645453
0.005590482
0.6904177
7.100217
0.03598853
0.01801074
6.791624
0.008346923
5.267507
0.06320132
0.04068895
4.66006
0.0365007
0.2164787
0.03268602
0.01489842
0.03298835
0.008220401
0.03892354
0.04187808
0.06671595
2.518284
0.03197437
0.2250931
313.656
0.06120017
0.03319661
0.01736114
0.03239751
279.0877
0.03975832
0.008774862
0.2183655
0.03315959
250.6404
2.94556
0.07965916
0.001730032
0.001730032
0.001730032
35.08341
0.008778763
2.447079
0.06586895
0.1370254
72.13461
0.0680372
32.44212
0.4105973
0.02990208
0.01733345
0.02890588
0.08122636
0.01256777
0.04463873
0.129962
0.2166167
0.1498688
0.09433181
0.6077624
0.007140975
0.08000389
0.07973042
0.3908654
0.02269388
0.02772923
0.01805675
0.132391
0.02369527
0.2469055
0.3209131
0.03596721
0.2187776
0.346722
0.3748241
0.6239662
0.3341901
0.01214668
0.01871106
0.02558905
0.170928
0.3986149
0.09870738
0.1442496
0.08256043
0.120068
0.3119956
0.1814268
0.09361414
0.2585213
0.01776862
0.01015308
0.01948082
0.04403668
0.619851
0.02458031
0.2006249
0.2647654
0.00613155
0.1894143
0.007006296
0.01737627
0.3990269
0.1436698
0.210474
0.03371784
0.003716006
0.003716006
0.003716006
0.007365121
0.007365121
0.007365121
0.01064032
0.08404542
0.02723213
0.02723213
0.02723213
0.199894
0.1651451
0.1215801
0.02407323
0.2392912
0.03072235
0.01030613
15.58923
0.4035669
0.4028831
0.01898842
16.18136
0.1801558
0.009976933
0.1412584
0.02362199
0.1804744
0.006748415
25.16243
0.1202908
0.003619891
0.003619891
0.0141651
0.003619891
0.1829914
0.01922354
0.4018699
0.0496488
0.02138533
0.2375418
0.2375418
0.2375418
0.3701325
0.175963
0.02585188
0.1818523
0.01056751
0.01590165
0.1200423
0.02675134
0.3337478
0.01593707
0.09041498
0.02753757
0.01160201
0.2547106
0.3738142
0.01562297
0.2607911
0.09315078
0.1975772
0.02967577
0.3848094
1.4817
0.007224148
0.07254781
0.006013965
0.02088255
0.2102373
0.635886
0.3373926
0.01865757
0.03840159
0.506779
0.01035454
0.2700694
1.177332
0.1817281
0.06576807
0.006927056
0.01743704
0.5342304
0.01443597
0.1193512
0.6382627
0.3674824
1.274506
0.1442192
0.3351162
0.007573091
0.1917368
0.2585914
0.4753963
0.3810364
0.1348526
0.07241749
0.074805
0.6404712
0.1296385
0.002436756
0.2320775
0.09411504
0.01934316
0.02400633
9.365333
0.1357421
0.1844233
0.009623654
0.1375819
0.5029516
0.06996607
0.008768115
0.005648997
0.3598472
0.3148872
15.94686
0.01019657
0.08616525
0.1992261
1.15303
0.04019545
0.06852587
0.4325055
0.5206785
1.13925
0.1765667
0.2854104
0.01366031
9.284505
0.4985309
1.256569
0.01715887
3.992759
0.09176568
0.1219805
0.07843614
3.775861
0.09070289
4.424166
0.1361148
0.07478419
0.2267987
0.05461381
0.01589899
0.01589899
0.007152099
0.01589899
0.006995658
0.07543158
0.4068498
0.07979704
0.07979704
0.1510234
0.07979704
3.870616
3.870616
3.870616
0.07192749
1.172779
0.007167589
0.006842869
0.08497293
0.3265653
0.01151968
0.02026957
0.02147832
0.002751722
1.288888
0.01133146
0.004091233
0.3897772
0.1136693
0.0110901
0.1360692
0.01196274
0.1454518
0.009095096
1.162495
0.1212239
0.02833492
0.2307585
0.7826082
0.01284315
0.01284315
0.01284315
0.08304612
0.1606959
0.04000072
18.15715
0.3041599
0.08075444
0.134477
0.01921231
0.3933901
0.1545303
0.1310131
16.92268
0.02936129
0.1491102
0.6696358
0.06639085
0.1510336
0.02070106
0.08144329
0.02429622
14.62378
0.01957902
0.02042259
0.004102965
0.004102965
0.004102965
0.006260048
0.1894613
0.1182174
0.1965645
0.002615076
0.5003097
0.2691441
0.01003085
0.009783584
0.007168535
0.01220379
0.7069526
0.04161161
0.131789
1.721168
0.04983813
0.03070796
7.272942
0.1926974
0.00994057
0.04572626
0.4060017
0.04796632
0.1062738
0.1701439
0.01263314
0.004057412
0.07216733
0.2382994
0.04378651
0.01172941
0.1038525
0.009371283
0.1496563
0.1496563
0.1496563
5.818811
1.603933
0.1613513
0.09603359
0.193501
0.1930704
0.1052451
0.005741031
0.09377442
0.09633445
0.08412608
0.01246791
0.04837584
6.351688
0.2528298
0.2236314
0.100834
0.05634915
0.1586492
0.1586492
1.836658
0.1142268
0.1586492
0.05185386
0.1403684
0.2257533
0.1130725
0.1278143
0.1475085
0.02817096
0.4106601
3.029865
3.029865
3.029865
0.01196323
0.1823608
0.04872544
0.2122169
0.002082228
0.002082228
0.002082228
22.83686
0.08255241
0.006920099
0.2343582
19.61964
0.01245324
0.05425973
0.03894914
0.2019751
0.2357414
0.009934776
0.07413627
27.52836
0.1494603
0.006738555
0.2550613
3.319447
0.03225323
0.2081508
0.2388663
0.01045573
0.00642563
0.01035311
0.03654333
3.356963
0.01054385
3.432566
0.01037122
0.01356139
0.00663611
0.02310887
29.77195
29.77195
29.77195
0.1833027
0.0788711
0.01000222
0.505554
0.003904477
0.1606788
0.0100339
0.004121409
0.007422798
0.007513554
0.007513554
0.007513554
0.1155899
0.00604952
0.1327174
0.0382049
0.2330787
0.2014803
0.01126525
0.2410339
0.006988915
0.006685757
0.006685757
0.006685757
0.009188805
0.109861
0.02665637
0.05683778
0.01121963
0.03905462
0.07135271
0.2616165
0.04153605
0.01064855
0.1922451
0.01341151
0.004771561
0.01640612
0.09325394
0.007846014
0.0327968
0.08301244
0.5119958
0.03752999
0.1305722
0.03780822
0.06651103
0.0153648
0.0103334
19.56223
3.64587
0.01523525
0.0046698
20.8864
0.01451588
25.86133
0.0957442
0.008230747
4.562016
0.2335589
0.06892895
0.0149667
24.90218
0.09057067
0.01360957
30.44647
0.07111038
0.02537603
0.08856024
3.813987
0.01256495
0.05935439
0.009142729
0.0271393
0.01082543
0.01481309
0.2545247
0.020682
0.07609524
0.009692399
0.007827031
27.38394
0.01089655
0.3051539
0.01072517
0.03130427
0.009338348
0.01020624
0.003119235
0.003119235
0.003119235
0.09060329
782.6967
0.05705633
0.2820363
0.009034558
0.01060985
0.2616846
0.03100375
0.277897
756.0842
0.1255944
0.01793881
0.2994606
0.05159861
0.1421353
0.0336475
0.007572264
0.2927788
0.1070454
0.2773238
318.356
0.1254
0.1254
0.1254
0.02918341
0.0692544
0.007406116
1.110112
0.01391265
0.01817946
0.06593985
0.0697684
0.03210305
0.2215618
0.03173554
1.091889
0.04023919
0.0353658
255.4011
0.01226878
0.4690721
0.06908947
0.01677202
1.095886
0.0663087
0.03374425
0.0527178
0.01783213
270.1223
0.008915653
0.06327039
0.009685042
0.0564053
0.5133767
0.0889882
0.02136581
0.05897885
0.07552919
0.01678579
0.2667858
0.01683882
0.0169705
0.007341019
0.4390965
0.03031252
0.1384516
0.09341103
0.01348035
0.004070708
0.4816711
0.05375476
0.00980502
0.0072732
0.006694944
0.04099817
0.2472799
0.5127864
0.067337
0.004194702
0.007360957
0.009352128
0.1299799
0.2178874
0.4762665
0.00417027
0.4232746
0.006658749
0.006428138
0.4945184
0.09027404
0.03109357
0.1452661
0.04168039
0.009076787
0.02051388
0.5028715
0.252637
0.01089901
0.01149399
0.01149399
0.01149399
0.03057931
0.02652265
0.01868929
0.07001319
0.00886201
0.5353011
0.004640367
0.02168165
0.006485272
0.5345317
0.01210794
0.02726037
0.5698493
0.00814904
0.02472113
0.02472113
0.02472113
0.02734052
0.01277038
0.5504858
0.05641952
0.042194
0.05979883
0.5599287
0.6417396
0.004779186
0.448357
0.09010827
0.02764467
0.5919652
0.0164208
0.1230498
0.5627073
0.1230498
0.1053252
0.04305472
0.1237376
0.2098794
0.1230498
0.05980061
0.7624075
0.003789486
0.06814124
0.1248235
0.2174072
0.7319027
0.1263054
0.6303207
0.6102259
0.2148519
0.7876698
0.03193241
0.2180486
0.819071
0.3871268
0.01976579
0.05025855
0.1135298
0.6281152
0.05361943
0.2343241
15.0461
0.113343
0.01626517
0.144621
19.54658
0.7152706
0.07048359
0.05313207
0.1072133
19.98743
0.06672057
0.02210352
0.0418904
0.1856407
0.01945288
0.02135053
0.02524533
0.02150835
0.01421125
0.01774504
0.03299979
0.00908397
0.1772527
0.007800567
0.1680702
0.1432887
0.1673462
0.6820842
0.04437966
0.04437966
0.04437966
0.1088442
0.006269385
0.04611898
0.01765029
0.0181454
0.05816363
0.02261412
0.0959658
0.01262443
0.1184192
0.1025973
0.06436898
0.3928838
0.007736612
0.0897332
0.5190363
0.2930228
0.02106928
0.1746019
0.05029772
0.1334732
0.1294488
0.1045396
0.01667357
0.007877295
0.02111359
0.2781391
0.1154961
0.2398107
0.009786719
0.5078626
0.05092303
218.5803
0.02782113
0.02570209
9.088792
0.2721495
0.05233035
0.1744601
0.03353104
0.03353104
0.03353104
8.875035
0.01842438
0.01539353
0.01883007
0.04238125
0.1373268
108.0356
8.502666
0.006160824
0.163832
0.008160066
1.094111
1.094111
0.4492113
1.094111
0.002805718
0.04920233
0.002805718
0.002805718
0.1145019
0.04304927
0.1554991
0.1080931
0.04857028
0.16886
0.01034926
147.6204
0.03993723
0.009867744
0.0284519
0.01037125
0.5223316
61.95987
0.0430214
0.008648494
0.02516482
0.009017081
0.3845745
0.1597665
0.3891911
0.9757029
31.27527
0.1296145
0.1211958
0.003980953
0.02267492
57.6374
0.05563718
0.01873533
0.08664113
0.3901377
0.01817108
0.06362089
0.09709501
0.007811594
0.004612786
0.0735457
1.092465
0.1183233
0.0471815
0.3902183
0.1474608
0.04046164
0.3110316
0.01446738
0.02103526
1.13619
0.1470281
0.008337563
0.03171112
0.008337563
0.008337563
0.01988179
0.0644268
0.3083653
0.1437107
0.02156171
0.04599781
0.0644268
0.0459413
0.0451123
0.0644268
0.02150752
0.09021648
0.01029332
10.74885
0.007441898
0.4088164
0.008677601
13.38586
0.07017768
0.02290163
0.008459507
0.2235636
0.124895
0.1289095
0.3111015
0.09374964
10.65199
0.006488319
0.004666342
0.09374964
0.09374964
0.08995307
0.004782125
118.3487
0.009007509
0.03089179
0.04824093
0.1572865
0.0901595
30.68729
0.1434068
0.05746012
0.04277254
0.2918781
0.03910738
0.04732586
0.06324334
0.1207404
61.98433
27.004
0.008461693
21.37874
0.02154806
0.3901198
0.07154564
0.01686772
0.07378372
0.02965639
0.006068357
101.612
0.01172267
0.1126087
5.905762
0.01147309
0.05019911
0.4152777
0.006572492
0.01763207
5.799035
0.09969673
0.02450801
0.1138149
0.01897111
0.2748989
0.01875418
0.03102745
6.55031
0.2669919
0.004657866
0.110226
0.004463075
0.2653063
0.240669
0.009757603
4.878091
0.04213301
171.1307
0.03045335
6.067016
6.067016
6.067016
0.3959626
0.3980333
0.1239917
0.1259967
345.7178
0.09356046
0.02699971
0.00460619
0.1007955
236.5067
0.01996793
0.08636904
0.1600962
0.09046849
0.004309122
0.007035346
0.005891626
0.02296547
5.133739
0.01865923
0.0277824
0.06211002
0.002790144
0.002790144
0.002790144
0.006941552
0.06196538
0.01631644
0.004658127
0.05596093
0.007167726
0.01067339
0.01067339
0.01067339
0.2358619
0.02412911
0.006889697
0.01141166
0.02073209
0.009585641
0.1165824
3.874138
0.06783212
0.01591377
0.00856835
0.2788698
0.1343456
0.5120568
0.01487974
40.03789
0.01777872
0.1221815
22.79023
0.008744425
0.01736093
0.01474362
0.00847089
0.006454044
149.1935
0.2403531
0.1195609
0.006939813
0.01709084
0.009816236
0.01750346
2.165148
0.396806
0.525886
0.4438568
0.08692324
2.165148
0.5667983
2.165148
0.009495607
0.407912
0.1279993
0.1193615
0.09239421
0.5565843
0.3834668
0.1274609
0.06080085
0.007841305
0.02280547
0.0875592
0.5782091
0.2550029
0.008537545
0.5138726
0.01251059
0.0201721
0.2945555
0.03049946
0.01779053
0.01634945
0.06204982
0.0614212
0.008777372
0.009542978
0.0874461
0.0839401
0.06212461
0.02275592
0.06481581
0.08730933
0.07217702
0.1037168
0.1215059
0.02620391
0.01116877
0.05707743
0.4424317
0.07026633
0.08312232
0.2351884
0.09145073
0.1011127
0.06328863
0.2982516
0.09622417
0.009059794
0.0813485
0.1794545
0.02091705
0.08051894
0.02734632
0.01697755
0.1144539
0.005007976
0.01029229
0.02308921
0.01024477
0.1067212
0.05299043
0.4649706
0.05975948
0.08435058
0.3001099
0.02796471
0.08512782
0.01120599
0.1207339
0.1075022
0.007889964
0.1820222
0.0144554
0.07957994
0.02209194
0.2924005
0.01743536
0.02518323
0.05424508
0.01017148
0.007327995
0.08143187
0.01242014
0.007746051
0.1876068
0.02799704
0.1012638
0.08621375
0.01016566
0.01045811
0.05510268
0.02551955
0.008590571
0.007550071
0.02836265
