0.5449954
0.7029095
0.2886786
1.113786
0.2306842
1.741859
0.1277043
0.5623378
0.07907536
0.4303707
1.355365
0.2954303
0.007899954
1.3263
0.2350985
0.8142524
0.2094225
0.2150209
1.050855
1.782923
0.556601
0.0520357
0.0619614
0.2892239
0.08221644
0.7840545
0.2090152
0.1082971
0.9887395
0.00746755
1.700979
1.373865
0.4587237
1.331052
0.2604018
0.04814493
0.05036449
0.204419
0.04029462
0.08944692
0.07703289
4.311554
0.0912343
0.05367627
0.06027806
0.007750013
0.07544795
0.04395939
1.32722
1.288823
0.4109539
0.4607238
0.2554137
0.2398324
0.1706276
4.607011
0.09063251
160.4728
0.03577017
0.08334198
0.04982349
0.1810813
14.33967
178.8534
0.4560343
2.636403
4.685242
0.1773722
0.09324566
0.05902234
215.424
13.8421
0.2354652
0.3398203
3.143948
0.7308671
0.4165485
0.208666
0.4269219
2.593927
14.76014
0.944836
1.099936
0.05911007
3.590123
0.3262845
0.220048
1.454282
0.04890714
0.7306299
2.669312
0.9540752
0.6441476
0.4279469
3.474496
0.02589898
0.06071384
0.3411982
1.029484
0.2674686
0.0331817
1.374319
0.2620234
0.1081641
0.7155711
0.9284473
0.3028414
0.6147192
0.2556546
0.04562693
0.3646325
0.1085048
1.112174
0.02769526
1.446932
25.12736
0.2141487
0.08454571
0.1127536
0.2564716
0.3109498
0.683766
4.938066
22.49841
0.642024
4.693815
0.06522466
0.1084738
0.05710968
0.02327337
5.111933
27.29921
0.012512
0.0550721
4.659766
0.7829765
0.6915574
0.5695053
0.3157888
0.2565975
0.1928936
5.351683
4.844531
0.05843743
0.03246669
0.7398749
0.1028898
0.6921848
0.01483594
0.05021197
0.5469501
0.06064179
0.7102513
0.06816898
0.1622034
0.212576
0.09173298
115.4524
0.117386
0.5311947
0.04778139
0.01604454
2.036036
0.05701812
0.01799349
0.3894033
167.9363
45.98464
0.1750773
0.4080845
0.2145486
152.1833
0.1016731
1.995824
0.01738013
69.22064
0.04744326
0.9535897
0.3983628
0.03358294
6.456329
61.5183
2.159106
0.07064556
0.01814457
0.2053251
0.4135749
0.09335569
0.01821355
0.07514794
0.02662327
6.683784
1.028697
0.1837744
0.3607814
3.100883
6.301517
0.3526213
0.04576948
0.07861316
0.01958609
0.9487559
0.04468705
0.1062567
0.02484458
0.3840238
3.267385
0.3752703
0.2587442
2.138245
0.06563629
0.02361232
0.3822146
0.2219349
3.173393
0.03034068
0.01467607
0.489939
0.2861038
0.06571922
0.05034749
0.01891149
0.06800932
0.3755478
2.272325
0.2954684
0.3660137
0.2527162
0.02091775
0.5368367
0.5273417
0.5569492
0.2348286
0.2823154
0.06916251
0.0520608
0.07197154
0.05964354
2.101404
0.3572815
0.2664125
0.5997804
0.01602344
0.08512538
1.323111
0.5033384
0.294491
0.5322633
0.5324128
0.238265
0.3580698
0.07354379
0.08485222
0.2579549
0.0710126
0.4227762
0.07803955
0.6084625
0.5096601
14.8634
0.0461874
1.355797
0.5232412
0.6058195
0.5159154
0.355889
0.06836697
0.08430915
0.07226917
0.4544267
20.3504
0.04023598
0.0858342
0.6130387
0.05131769
0.06529899
0.497648
15.62441
0.03985023
0.6254117
0.3320277
1.310644
9.453287
0.08566183
0.06274925
0.5203025
0.04778172
0.0565268
0.2868007
0.09101968
0.05650254
9.395007
0.06098572
0.573553
14.91757
0.1245656
0.6389115
0.0400728
2.280341
0.2436066
0.9918223
0.04362612
10.11922
0.07636187
0.009641336
12.05582
0.1445458
0.09794502
0.2841688
2.444042
0.07268103
0.05645092
0.2378427
0.03914855
1.054298
13.46833
0.05384297
0.124007
2.344477
0.01001633
0.05544225
0.2450346
0.3180389
3.718758
1.38461
0.09091991
0.06459654
0.05936224
2.463345
0.9817041
0.1764526
0.1454216
3.73668
1.462191
0.01162943
0.04192161
0.04607212
3.225484
0.06284335
3.690782
0.09272333
0.06135735
0.01110641
1.510738
2.421808
0.2130721
0.1760399
0.0358204
0.04250877
3.131946
0.1882208
6.315339
0.4312863
0.08849131
0.06050268
0.4081523
0.08609788
0.05743499
0.008706472
2.449305
0.1658879
3.142203
5.96305
0.04434085
0.03444902
0.2080299
0.2099657
6.056494
0.1416207
0.4738934
0.158241
0.1055467
0.391732
0.06631264
0.2565875
0.2575176
0.03669148
0.01272004
0.0725637
0.1534725
0.02587194
0.09594712
3.719101
0.2006234
0.09293456
0.3761426
0.4277564
0.2051856
3.8872
0.2905299
0.0680416
0.1669268
3.220563
0.04655747
0.02173823
0.2260095
0.07096993
0.02690722
0.1107746
0.1487286
1.204817
1.288178
0.07055454
0.2738199
3.42826
0.03960943
0.02708333
3.802306
0.06740278
0.121394
0.6342702
0.02806933
0.2189469
0.07217548
0.04052085
0.5684162
0.0280497
1.191837
0.05106689
1.322564
0.09376052
0.06479719
0.9514097
4.059507
0.1499635
0.03995126
0.7298243
0.1175613
0.5989101
0.4992103
0.05305549
1.117541
0.1710617
0.416332
1.335469
0.8971783
0.09517696
2.188313
0.07498793
0.2334199
0.02688168
0.3011038
0.1756244
0.7254161
0.142091
0.5854103
0.5189335
0.1102781
1.603082
0.05389168
0.1655253
0.9319107
0.4126226
0.1498588
0.3033581
0.08025557
0.01295003
0.24921
2.056838
0.02237531
0.5177822
1.648404
0.1021763
0.1732721
0.1346542
0.05525756
0.1676773
0.1418799
1.146513
0.2923709
0.159011
0.4112691
1.621887
0.2529801
0.1488246
0.01534543
2.09818
0.02194633
0.09429197
0.1633459
0.1876722
0.1203777
1.111571
0.129454
0.08791922
0.0494298
0.5527466
0.0167751
44.52856
0.2435298
3.102259
1.126737
0.116523
28.90604
0.1517404
0.02333982
0.2029645
0.5549427
0.4655643
0.04403899
36.95445
0.4655305
0.8264962
3.325431
0.2065006
0.1878456
0.1693201
0.7074536
0.4522225
0.02140273
0.2083327
1.049168
0.4716339
0.05694702
3.599161
0.4894283
0.1968468
0.243476
0.03632556
0.441928
0.2966895
0.7305671
3.161486
0.9169495
0.1557262
0.9688471
0.2037394
0.7362537
0.2087537
0.02634225
3.58754
0.1315798
0.4500092
0.8760525
0.2378479
0.5017306
0.03370076
0.1619166
0.394239
0.2977529
0.7829129
0.9383864
0.152298
0.2300556
0.05688685
45.23695
0.7412276
3.510767
1884.543
1.611793
0.1297505
0.02883036
55.99556
0.08354739
0.1827214
0.5399516
0.3021957
0.3055695
0.9465265
0.3864827
0.6190055
0.1600909
58.60425
0.0599718
0.1082697
0.8642535
0.0759254
1.585282
1.101344
0.8610091
0.07165975
0.1315683
0.1352005
0.04949107
2.48917
0.2807761
0.1161385
398.3694
0.9684579
0.1557371
0.3961269
0.9240909
0.05594273
0.06903377
0.6945754
1.661746
222.9691
1.083699
0.07399745
2.495795
0.05038666
0.9372813
0.1221737
0.3055648
0.01609708
123.9369
0.06342318
0.864953
0.5013105
0.4660914
2.5204
0.3978046
0.4113406
0.606026
1.087729
1.036233
0.05411688
0.01833931
0.04996581
0.08710664
0.1296834
0.5661925
0.5234162
1.011815
0.5562427
0.01902366
0.01892759
0.1545605
0.3168725
0.3960992
0.0878986
0.8400575
0.09865882
1.039441
0.6225813
0.5107494
0.5261568
0.7885404
0.3360769
0.5697017
0.07752914
0.01190337
0.3978494
0.1362614
0.05474892
0.2700078
0.6179817
0.8608328
1.857208
0.09968567
0.3655351
1.370516
0.3118235
0.09029842
0.4995577
0.01679205
0.6169384
1.595655
0.08307126
0.04484098
1.913491
0.1414642
0.02104732
0.2916682
0.3581642
2.02257
11.51677
1.315165
0.1105934
1.951339
1.592845
0.09910608
10.74173
0.1786601
0.3302692
0.03827266
0.6795415
2.103495
0.02175366
0.2621662
0.6225145
1.621667
0.2697618
10.23257
1.008036
17.31809
1.358563
0.09892446
0.1201113
0.1800019
1.35007
1.935026
0.3307064
0.04444521
22.31833
0.6663407
2.019209
0.5824067
0.01919884
0.8720198
0.2440604
0.444301
19.95201
0.2697171
0.1731261
0.3555364
0.7125972
2.16923
1.277927
0.9885236
0.6005745
0.7315614
0.8306354
0.368827
0.2562312
2.113314
0.2291807
0.426318
0.7133682
0.0875192
1.248885
1.322512
1.156445
0.7094661
0.02647687
1.113515
0.3381269
0.371843
0.8726795
0.4300107
0.4427364
1.547015
0.7329545
0.0309733
1.268681
0.09173217
0.8236512
0.9671538
0.5411654
1.167932
0.2186747
0.04772892
0.5633655
0.4932615
0.02874471
1.291101
0.5188262
0.3819169
1.496297
0.3852605
0.05789103
0.09031659
0.5463967
0.2159194
0.4960433
0.5249964
1.04712
0.03829341
107.0289
0.05693478
0.5275474
1.866225
0.06391281
0.2013717
0.5736288
0.5709727
1.467985
175.9633
94.27527
0.3736248
0.359623
0.16616
0.5499184
0.06590076
153.6273
0.04200092
114.1775
0.1801369
1.851454
205.6184
0.1398217
0.03671581
0.5255017
0.1301711
184.8911
0.5808992
0.07254785
0.3777801
0.06806961
0.826086
144.7807
0.05506044
0.2374442
1.869653
0.03992181
0.03827705
0.2032125
263.2241
0.1755734
0.1141559
0.6562932
0.5130316
0.06950898
0.07571149
0.3081602
0.78477
7.474128
2281.315
0.03368678
0.2466543
13.18902
0.175778
8.034756
0.4771323
3.125883
0.1229595
0.01445701
0.07289057
0.2778157
16.3609
0.07677719
0.8016849
0.0701541
8.257989
0.572022
0.2220213
3.065941
0.06343043
0.01930989
14.52545
0.4951193
0.3980418
0.3128691
0.5639479
0.1076425
0.7129113
0.05043525
0.01308786
3.048906
0.07650099
0.6847072
0.1069681
0.5584943
0.09836414
0.4330289
0.07871815
0.0200734
0.05190916
0.03685324
0.7264214
0.1241459
0.09328147
0.02710177
0.3850237
0.1003957
0.6315549
0.1586735
0.0704464
0.01925677
0.09867046
0.02514366
0.02780428
0.09810034
0.4085496
0.7017363
1.998946
0.4582545
0.6958511
1.222787
0.9013975
0.1460412
0.03663008
0.02819395
0.1042228
0.03210855
1.394938
0.4732552
0.4490678
0.5370107
1.241988
1.945593
0.9120114
0.1226067
0.2564865
0.1665002
1.352233
2.861231
0.4555193
0.9368469
0.9662199
1.255902
1.436024
0.3977988
0.4846152
0.02070284
1.596326
1.997268
0.2865984
0.1239138
2.840024
0.1900453
1.022035
0.9399444
2.363054
0.9912679
1.554437
0.2442612
0.335165
2.757791
1.42524
0.9927118
0.02052394
0.5158754
0.1110174
0.2259684
0.9380914
1.148147
0.780566
0.2120311
1.051721
2.195117
1.595632
0.2524977
0.07758252
0.02033509
1.457086
1.211891
1.157008
0.08328821
0.2199537
0.4732736
1.561832
1.456311
0.198555
0.5175436
2.318191
0.7364604
0.0830124
0.2566218
0.0943433
0.1955075
1.573446
0.223317
0.08261588
1.166894
0.07549486
0.4447111
0.1041453
0.5523798
0.07194283
0.6964439
1.109006
0.1979854
1.519492
0.6342255
0.5034597
0.06847942
0.1621955
1.195943
0.4703725
0.07273763
1.038981
0.1044532
0.03449302
0.0397653
0.02785699
0.2406331
0.5788841
0.6181958
1.080588
0.7929428
1.58568
0.02252184
0.4339731
0.1886379
0.03524269
0.1214426
0.03134973
0.1852933
0.5641872
0.6326628
1.52286
1.698296
1173.367
0.7874606
0.4801669
0.02572822
0.03400577
0.5006836
1407.209
1.495158
0.1646301
2.321361
1.526
0.03767601
0.03320304
119.4232
0.02673714
0.5715228
0.8013633
0.183704
0.5689408
1107.216
0.8667443
1.503954
0.03621584
0.481054
115.0144
0.5745234
2.136919
131.661
0.0270468
0.6570922
0.1742089
0.04606631
0.8664468
0.04317389
0.05076362
2.249427
0.09666488
0.8684893
0.154417
0.8785191
0.6794742
0.02810871
0.04152079
1.064339
0.3143301
0.05175168
0.8863531
0.1507481
394.1153
0.07592652
0.4857628
0.09568563
0.0871124
0.1445955
0.6931677
0.03255486
0.8602725
0.04101078
0.1203547
0.1528272
0.1303335
0.07620524
1.05183
0.04571148
1.28031
0.3277892
0.1573156
0.01973467
0.09600814
0.08712026
0.3916849
0.06925723
2.729654
1.280225
0.1388972
0.03910865
1.495279
0.113155
1.058735
0.1387887
1.429155
1.285461
0.3435357
0.05233345
10.10467
2.319387
0.0197421
1.366204
0.09332118
0.03815035
0.4607317
10.74485
0.04177591
1.424679
2.853577
0.8891254
0.1323283
0.1310025
1.236515
1.352548
1.312755
10.30937
0.03114499
0.05325891
0.02021685
0.7817796
1.639541
0.5405613
254.8246
0.2949346
1.302145
1.385561
3.682577
1.481536
1.075754
0.02835805
1.322497
0.03484051
1.403541
293.1081
0.8680641
1.318243
0.06198307
0.5354673
873.8825
0.0292725
0.2910952
1.268839
0.03596731
3.819761
1.382024
1.381115
1.325943
1.184121
0.591967
0.03112848
0.268752
0.2447201
0.02791144
0.4139737
0.5393509
1.472305
3.966657
1.314988
0.3070581
1.253995
0.6001108
0.6196202
0.2437435
1.165628
0.03936935
0.3930236
3.081109
2.908321
0.3044804
0.6047988
0.5820745
0.2569391
0.3894797
3.072743
1.261799
0.6452273
0.2970392
0.04976498
2.86561
0.03156775
3.230993
0.592298
1239.631
0.3084929
3.0751
0.08250255
0.5197274
2.05122
0.7718077
1.19916
2.807233
0.3310205
0.07825769
0.6388305
0.05586503
0.1228353
3.29531
0.3096671
0.03226966
2.076985
2.722502
0.4515929
0.05037549
0.7588912
0.0858379
1.846726
0.08852996
1.300351
2.19583
0.1171113
0.352938
3.367308
2.662394
0.05670199
0.6239479
0.4802039
1.751295
0.03121542
0.283686
0.7750408
0.04412504
0.7759665
0.07856121
2.8888
0.1174004
1.772424
0.333235
0.01471782
0.323665
0.7726315
0.08086406
0.115273
0.03937096
0.2346597
0.04799309
0.01991949
0.3278517
0.7932769
0.9243697
0.1008961
0.3535546
0.01267812
0.779109
0.2842853
0.191756
0.04255131
0.02091932
0.09360513
0.3114575
0.9169874
0.2871023
0.01653954
0.6722559
0.2619686
0.04603063
0.247293
0.02171865
0.310836
0.9310584
0.7775135
0.2256961
