0.2036062
0.998934
0.998934
0.998934
0.998934
0.9989467
0.1415243
0.0953784
0.06070938
0.264918
0.5040653
0.2961314
0.5296945
0.771119
0.001
0.5599937
0.9291749
0.0110216
0.33363
0.009688414
0.03936459
0.02265787
0.3978085
0.5545615
0.998934
0.09532842
0.10779
0.230376
0.6047289
0.233478
0.1642907
0.998934
0.1743529
0.998934
0.02761205
0.05863154
0.1089679
0.0617517
0.998934
0.001
0.001
0.5403402
0.6998637
0.9906338
0.998934
0.952373
0.001
0.2338903
0.998934
0.1195248
0.4074344
0.3064573
0.03179514
0.001
0.05604645
0.4965601
0.7267224
0.08431672
0.02830462
0.3353216
0.1008463
0.1044747
0.5295209
0.2528109
0.998934
0.9762974
0.998934
0.3186139
0.4460794
0.01855401
0.998934
0.1295097
0.04430595
0.185128
0.9762142
0.1667137
0.05021122
0.06998166
0.02788825
0.1241082
0.998934
0.05703496
0.5422789
0.8022031
0.2550083
0.2398982
0.998934
0.08169815
0.0205538
0.998934
0.4932582
0.1743728
0.998934
0.6844694
0.5468309
0.9614147
0.1081996
0.05831025
0.1232005
0.1929419
0.2796822
0.3739319
0.1061018
0.991635
0.06305641
0.998934
0.01893608
0.998934
0.3135255
0.8386115
0.9989308
0.998934
0.001
0.7254036
0.03993172
0.05518106
0.5254438
0.9946945
0.998934
0.1157651
0.998934
0.02505122
0.1490543
0.001
0.02642194
0.735073
0.998934
0.09134171
0.26384
0.4171223
0.3736662
0.1798928
0.2012942
0.001
0.02808285
0.2087936
0.998934
0.5512721
0.998934
0.1850896
0.998934
0.3333183
0.1112695
0.998934
0.998934
0.5999721
0.3955505
0.001
0.4962815
0.01408195
0.9972448
0.998934
0.1774034
0.0466779
0.02510764
0.3659453
0.5590602
0.009954013
0.1485092
0.8037528
0.02578088
0.998934
0.0329803
0.2206543
0.07643344
0.8768886
0.3381872
0.04515005
0.1809011
0.001
0.998934
0.4476481
0.8549823
0.3349842
0.009884714
0.06655138
0.02035225
0.337621
0.001
0.8710123
0.2479557
0.01026741
0.001
0.998934
0.3673425
0.1909251
0.1199222
0.1181327
0.7129462
0.002394627
0.9777878
0.9989184
0.998934
0.4254601
0.591789
0.03055096
0.9315665
0.1869083
0.931846
0.7321861
0.06533778
0.001619068
0.1809872
0.01297752
0.9395368
0.8955234
0.998934
0.231736
0.001
0.1250968
0.04664518
0.1863825
0.02687054
0.998934
0.1418892
0.998934
0.0103027
0.998934
0.184448
0.3071657
0.3861658
0.998934
0.8448931
0.5155809
0.2208028
0.3280371
0.03654638
0.04676646
0.1970434
0.04281737
0.3100403
0.001
0.4861516
0.1169724
0.08765196
0.01905186
0.9625976
0.7336758
0.766674
0.998934
0.08479501
0.009577279
0.09162519
0.998934
0.001
0.4493742
0.131583
0.9906202
0.1420029
0.3057857
0.998934
0.998934
0.05414988
0.09662362
0.001
0.8254585
0.998934
0.8054091
0.8851547
0.9985775
0.978553
0.2398431
0.998934
0.001
0.09800063
0.1125661
0.1334571
0.001
0.998934
0.1920408
0.2875948
0.1065679
0.112409
0.998934
0.1733465
0.02915811
0.998934
0.998934
0.9377689
0.998934
0.001
0.6785555
0.1075151
0.001
0.3435573
0.1656844
0.998934
0.998934
0.3053735
0.02635298
0.2740219
0.3374134
0.4987841
0.05445057
0.05205363
0.3708693
0.004457871
0.998934
0.6154237
0.01368771
0.3471643
0.998934
0.07967242
0.07455553
0.6328689
0.2025456
0.3314725
0.998934
0.2328342
0.1214354
0.998934
0.3085075
0.2443821
0.998934
0.6864061
0.07690875
0.04982739
0.2601494
0.1496361
0.5777232
0.01113306
0.04138998
0.1005588
0.09567096
0.1505167
0.9594157
0.3673232
0.4909783
0.3578529
0.8266045
0.7785708
0.1367473
0.2610414
0.3572496
0.4280321
0.2361013
0.05626235
0.1019932
0.02135962
0.02854599
0.5690062
0.0885115
0.1486054
0.998934
0.03433461
0.998934
0.3547349
0.05084671
0.4974607
0.4141668
0.3854846
0.4237314
0.998934
0.07639428
0.998934
0.07363357
0.998934
0.005638251
0.2606466
0.1706408
0.1109004
0.9606379
0.6380609
0.998934
0.2336974
0.2418889
0.04678976
0.2156266
0.05269344
0.1668683
0.02607281
0.03557224
0.02007759
0.595814
0.0233205
0.2114209
0.1560251
0.1207792
0.004305301
0.6732369
0.1266622
0.06728048
0.001
0.01563877
0.998934
0.3704326
0.001
0.1444458
0.998934
0.002959504
0.1722971
0.1489655
0.1903319
0.4422336
0.1894783
0.3238824
0.2725068
0.8414931
0.998934
0.005109751
0.06214812
0.3908034
0.8201785
0.1062916
0.03468813
0.6472851
0.998934
0.998934
0.1952316
0.04076906
0.01172766
0.998934
0.003394506
0.7360671
0.1654129
0.02186574
0.8861782
0.08321482
0.4582581
0.02719116
0.3323135
0.1209956
0.1331553
0.8462957
0.9351576
0.3491113
0.2654928
0.998934
0.5401664
0.04319367
0.998934
0.998934
0.998934
0.0508269
0.1078225
0.2794705
0.2852786
0.998934
0.4677132
0.5808727
0.04638563
0.1063972
0.998934
0.175001
0.9924481
0.001
0.03832905
0.6594471
0.9795727
0.4367179
0.998934
0.001
0.01802492
0.5421822
0.04706553
0.998934
0.2031509
0.0401837
0.6981343
0.06154871
0.03822253
0.998934
0.949045
0.9854746
0.001
0.03118929
0.04638172
0.998934
0.1013074
0.1088508
0.1735535
0.9015669
0.3953776
0.9059993
0.4888438
0.07492124
0.002583418
0.009643373
0.7300955
0.001
0.5766247
0.001
0.04880559
0.04603769
0.998934
0.1610199
0.02198063
0.001
0.5176904
0.4158987
0.001
0.01475558
0.5857795
0.0889712
0.001
0.4152695
0.2689643
0.8529187
0.1481518
0.001
0.5293146
0.6714099
0.998934
0.998934
0.998934
0.4073169
0.01184715
0.998934
0.998934
0.998934
0.001
0.998934
0.1888798
0.02010112
0.8083084
0.1782218
0.1272407
0.008613965
0.001
0.9682083
0.9984997
0.07969015
0.1937268
0.8135907
0.9212797
0.07392269
0.08613119
0.01761684
0.1279373
0.1888871
0.1952739
0.6525062
0.001
0.2669949
0.5284655
0.04294685
0.998934
0.08879048
0.03666131
0.001
0.6970724
0.01328374
0.2876721
0.998934
0.6551175
0.878018
0.1185609
0.001
0.001
0.001
0.6598969
0.06374174
0.1288488
0.5394492
0.998934
0.001
0.4798242
0.05011223
0.03732835
0.5827739
0.8234011
0.998934
0.01541287
0.5851231
0.7095191
0.3078368
0.01877097
0.998934
0.001
0.001
0.0554016
0.688091
0.00584986
0.1601575
0.6050933
0.996503
0.04647584
0.1161092
0.998934
0.1315361
0.001
0.9178332
0.001
0.9731623
0.001
0.1629927
0.2660331
0.02117688
0.05915962
0.998934
0.4755235
0.0925057
0.998934
0.5352255
0.7621298
0.998934
0.5721717
0.06936198
0.2156521
0.6273651
0.2020948
0.998934
0.4201103
0.998934
0.2490734
0.8178103
0.998934
0.03301194
0.9965417
0.3357248
0.1479204
0.001
0.1395044
0.2905088
0.2061245
0.7420929
0.001
0.5909325
0.0334996
0.2622132
0.001
0.9977213
0.3385774
0.9962927
0.2203671
0.6573643
0.01252224
0.03443579
0.03520073
0.1650737
0.9768123
0.4127132
0.429769
0.05841116
0.01933642
0.998934
0.3916789
0.9058597
0.4093358
0.07817056
0.7798646
0.4280408
0.7820051
0.9047044
0.998934
0.6153497
0.001
0.1150761
0.008873444
0.998934
0.7975058
0.998934
0.0328442
0.998934
0.3122221
0.1401955
0.2365958
0.06199036
0.1115517
0.6603675
0.05768195
0.2469829
0.1085785
0.001
0.1273342
0.001
0.998934
0.998934
0.9410628
0.2608578
0.998934
0.02228548
0.09937596
0.08644182
0.1406219
0.998934
0.9708217
0.998934
0.00333744
0.1261909
0.07988461
0.003977533
0.9918426
0.2425623
0.8957251
0.06320677
0.5096442
0.2059264
0.08398759
0.1776514
0.001
0.05161062
0.08101219
0.001
